Distances

Density function  L_{infty} distance
1                 0.00189694
2                 0.00130199
3                 0.000684212
4                 0.000819688
5                 0.000370283
6                 0.00114013
7                 0.00799833
8                 0.00864654

L_{infty} summation = 0.0228581

Density function  Dampening
1                 0.00189694
2                 0.000516697
3                 0.000158135
4                 0.000129093
5                 4.33085e-05
6                 0.000104573
7                 0.000597313
8                 0.000540409

d_{infty} distance = 0.00189694