Distances

Density function  L_{infty} distance
0                 0.00415993
1                 0.00915065
2                 0.0125065
3                 0.00561941
4                 0.00988917
5                 0.00875352
6                 0.0126517
7                 0.00989875
8                 0.00613113

L_{infty} summation = 0.0787607

Density function  Dampening
0                 0.00415993
1                 0.00576455
2                 0.00601249
3                 0.00223006
4                 0.00338205
5                 0.00265103
6                 0.0034574
7                 0.00247469
8                 0.00141703

d_{infty} distance = 0.00601249