Distances

Density function  L_{infty} distance
0                 0.00198392
1                 0.00804825
2                 0.0127609
3                 0.0155453
4                 0.0153059
5                 0.0249953
6                 0.0295542
7                 0.0391049
8                 0.0217105

L_{infty} summation = 0.169009

Density function  Dampening
0                 0.00198392
1                 0.00507008
2                 0.00613479
3                 0.00616916
4                 0.00523456
5                 0.00756992
6                 0.00807646
7                 0.00977623
8                 0.00501773

d_{infty} distance = 0.00977623