Distances

Density function  L_{infty} distance
1                 0.00339714
2                 0.00339714
3                 0.00339714
4                 0.00339714
5                 0.00339714
6                 0.00339714
7                 0.00339714
8                 0.00339714

L_{infty} summation = 0.0271771

Density function  Dampening
1                 0.00339714
2                 0.00134816
3                 0.000785149
4                 0.000535016
5                 0.000397332
6                 0.000311586
7                 0.000253698
8                 0.000212321

d_{infty} distance = 0.00339714